Flow_ID, Lost_Packets, Tx_Packets, Tx_Bytes, TxOffered(Mbps),  Rx_Packets, Rx_Bytes, T_put(Mbps), Mean_Delay_Rx_Packets, Mean_Jitter, Packet_Loss_Ratio
3, 4, 84918, 127377000, 10.1903, 84914, 127371000, 10.1898, 0.00516801, 0.00174261, 4.71043e-05
7, 65, 84918, 127377000, 10.1903, 84851, 127276500, 10.1823, 0.00503991, 0.00172297, 0.000765462
11, 25, 84918, 127377000, 10.1903, 84892, 127338000, 10.1872, 0.00555905, 0.0017961, 0.000294405
15, 0, 84918, 127377000, 10.1903, 84918, 127377000, 10.1903, 0.00567766, 0.00180817, 0
19, 22, 84918, 127377000, 10.1903, 84896, 127344000, 10.1876, 0.00581815, 0.00182247, 0.000259073
23, 50, 84918, 127377000, 10.1903, 84868, 127302000, 10.1842, 0.0059574, 0.00183963, 0.000588803
27, 8, 84918, 127377000, 10.1903, 84910, 127365000, 10.1893, 0.00612608, 0.00185792, 9.42085e-05
31, 63, 84918, 127377000, 10.1903, 84855, 127282500, 10.1827, 0.00630821, 0.00188274, 0.000741892
35, 209, 84918, 127377000, 10.1903, 84709, 127063500, 10.1652, 0.00654047, 0.00191305, 0.0024612
