Flow_ID, Lost_Packets, Tx_Packets, Tx_Bytes, TxOffered(Mbps),  Rx_Packets, Rx_Bytes, T_put(Mbps), Mean_Delay_Rx_Packets, Mean_Jitter, Packet_Loss_Ratio
3, 1446, 84918, 127377000, 10.1903, 83273, 124909500, 9.99316, 0.00421247, 0.00199066, 0.0170682
7, 1532, 84918, 127377000, 10.1903, 83210, 124815000, 9.98604, 0.00428221, 0.00199932, 0.0180784
11, 1406, 84918, 127377000, 10.1903, 83332, 124998000, 10.0001, 0.00432268, 0.0020022, 0.0165923
15, 1652, 84918, 127377000, 10.1903, 83104, 124656000, 9.97298, 0.00439414, 0.00201212, 0.0194912
19, 1298, 84918, 127377000, 10.1903, 83459, 125188500, 10.0152, 0.00444394, 0.00201164, 0.0153144
23, 973, 84918, 127377000, 10.1903, 83856, 125784000, 10.063, 0.00440132, 0.00192048, 0.0114701
27, 1688, 84918, 127377000, 10.1903, 83042, 124563000, 9.96575, 0.00456289, 0.00202619, 0.0199221
31, 1236, 84918, 127377000, 10.1903, 83546, 125319000, 10.0261, 0.00458577, 0.00201716, 0.0145786
35, 1297, 84918, 127377000, 10.1903, 83450, 125175000, 10.0145, 0.00464047, 0.00202796, 0.0153044
