Flow_ID, Lost_Packets, Tx_Packets, Tx_Bytes, TxOffered(Mbps),  Rx_Packets, Rx_Bytes, T_put(Mbps), Mean_Delay_Rx_Packets, Mean_Jitter, Packet_Loss_Ratio
3, 79696, 84918, 127377000, 10.1903, 4115, 6172500, 0.495945, 0.964315, 0.0128345, 0.950901
7, 79310, 84918, 127377000, 10.1903, 4109, 6163500, 0.495242, 1.07342, 0.0127952, 0.950743
11, 79712, 84918, 127377000, 10.1903, 4072, 6108000, 0.490767, 1.05472, 0.0138879, 0.951399
15, 79248, 84918, 127377000, 10.1903, 4261, 6391500, 0.513557, 1.04801, 0.0128959, 0.948976
19, 81191, 84918, 127377000, 10.1903, 2116, 3174000, 0.254912, 1.42203, 0.0163534, 0.9746
23, 79783, 84918, 127377000, 10.1903, 3888, 5832000, 0.468583, 1.03562, 0.012808, 0.953532
27, 80070, 84918, 127377000, 10.1903, 3805, 5707500, 0.458576, 1.01009, 0.0123252, 0.954635
31, 79526, 84918, 127377000, 10.1903, 3996, 5994000, 0.481615, 1.04095, 0.0136564, 0.952156
35, 79463, 84918, 127377000, 10.1903, 4069, 6103500, 0.490409, 1.04547, 0.0132412, 0.951288
