Flow_ID, Lost_Packets, Tx_Packets, Tx_Bytes, TxOffered(Mbps),  Rx_Packets, Rx_Bytes, T_put(Mbps), Mean_Delay_Rx_Packets, Mean_Jitter, Packet_Loss_Ratio
1, 75577, 84918, 127377000, 10.1903, 0, 0, 0, 0, 0, 0
5, 83467, 84918, 127377000, 10.1903, 0, 0, 0, 0, 0, 0
9, 83456, 84918, 127377000, 10.1903, 12, 18000, 7.6833, 0.00794729, 0.00160582, 0.999856
13, 75577, 84918, 127377000, 10.1903, 0, 0, 0, 0, 0, 0
17, 83469, 84918, 127377000, 10.1903, 0, 0, 0, 0, 0, 0
21, 83460, 84918, 127377000, 10.1903, 6, 9000, 7.63816, 0.00451969, 0.00164864, 0.999928
25, 83431, 84918, 127377000, 10.1903, 0, 0, 0, 0, 0, 0
29, 83471, 84918, 127377000, 10.1903, 0, 0, 0, 0, 0, 0
33, 83466, 84918, 127377000, 10.1903, 0, 0, 0, 0, 0, 0
