Flow_ID, Lost_Packets, Tx_Packets, Tx_Bytes, TxOffered(Mbps),  Rx_Packets, Rx_Bytes, T_put(Mbps), Mean_Delay_Rx_Packets, Mean_Jitter, Packet_Loss_Ratio
3, 280, 84918, 127377000, 10.1903, 84603, 126904500, 10.1527, 0.00290833, 0.00181646, 0.00329866
7, 268, 84918, 127377000, 10.1903, 84618, 126927000, 10.1543, 0.00295956, 0.00182841, 0.00315718
11, 14, 84918, 127377000, 10.1903, 84901, 127351500, 10.1885, 0.00299459, 0.00176718, 0.000164871
15, 258, 84918, 127377000, 10.1903, 84627, 126940500, 10.1555, 0.00310276, 0.00185527, 0.00303941
19, 237, 84918, 127377000, 10.1903, 84647, 126970500, 10.1583, 0.00314075, 0.00186325, 0.00279205
23, 251, 84918, 127377000, 10.1903, 84636, 126954000, 10.1568, 0.00319282, 0.00187122, 0.00295687
27, 254, 84918, 127377000, 10.1903, 84632, 126948000, 10.1563, 0.00323408, 0.00187936, 0.00299225
31, 185, 84918, 127377000, 10.1903, 84710, 127065000, 10.1656, 0.00327839, 0.00188452, 0.00217916
35, 235, 84918, 127377000, 10.1903, 84654, 126981000, 10.1587, 0.00332292, 0.00189424, 0.00276832
