Flow_ID, Lost_Packets, Tx_Packets, Tx_Bytes, TxOffered(Mbps),  Rx_Packets, Rx_Bytes, T_put(Mbps), Mean_Delay_Rx_Packets, Mean_Jitter, Packet_Loss_Ratio
3, 75888, 84918, 127377000, 10.1903, 6694, 10041000, 0.80421, 0.990404, 0.0118789, 0.918941
7, 77026, 84918, 127377000, 10.1903, 6263, 9394500, 0.75245, 1.03645, 0.0114285, 0.924804
11, 76161, 84918, 127377000, 10.1903, 6342, 9513000, 0.761933, 1.04323, 0.0122747, 0.92313
15, 75497, 84918, 127377000, 10.1903, 7680, 11520000, 0.922779, 1.26018, 0.0105855, 0.907667
19, 76614, 84918, 127377000, 10.1903, 6283, 9424500, 0.754814, 1.3122, 0.0124462, 0.924207
23, 75758, 84918, 127377000, 10.1903, 7430, 11145000, 0.892664, 1.01305, 0.011087, 0.910684
27, 81728, 84918, 127377000, 10.1903, 578, 867000, 0.0695122, 1.28217, 0.0410593, 0.992977
31, 77324, 84918, 127377000, 10.1903, 6208, 9312000, 0.745814, 1.12711, 0.0111498, 0.925681
35, 77284, 84918, 127377000, 10.1903, 5841, 8761500, 0.701737, 0.989277, 0.0106415, 0.929732
