Flow_ID, Lost_Packets, Tx_Packets, Tx_Bytes, TxOffered(Mbps),  Rx_Packets, Rx_Bytes, T_put(Mbps), Mean_Delay_Rx_Packets, Mean_Jitter, Packet_Loss_Ratio
2, 81091, 84918, 127377000, 10.1903, 1060, 1590000, 0.127991, 1.62937, 0.053954, 0.987097
6, 81165, 84918, 127377000, 10.1903, 1076, 1614000, 0.129287, 1.66679, 0.0551235, 0.986917
10, 75577, 84918, 127377000, 10.1903, 0, 0, 0, 0, 0, 0
14, 81010, 84918, 127377000, 10.1903, 1121, 1681500, 0.134699, 1.62341, 0.0517411, 0.986351
18, 81020, 84918, 127377000, 10.1903, 1104, 1656000, 0.132652, 1.61576, 0.0548321, 0.986557
22, 75577, 84918, 127377000, 10.1903, 0, 0, 0, 0, 0, 0
26, 81168, 84918, 127377000, 10.1903, 1139, 1708500, 0.136854, 1.64699, 0.0535505, 0.986162
30, 81131, 84918, 127377000, 10.1903, 1136, 1704000, 0.136471, 1.64063, 0.0553367, 0.986191
34, 81195, 84918, 127377000, 10.1903, 959, 1438500, 0.115146, 1.66137, 0.0620726, 0.988327
