Flow_ID, Lost_Packets, Tx_Packets, Tx_Bytes, TxOffered(Mbps),  Rx_Packets, Rx_Bytes, T_put(Mbps), Mean_Delay_Rx_Packets, Mean_Jitter, Packet_Loss_Ratio
3, 69204, 84918, 127377000, 10.1903, 15354, 23031000, 3.96711, 0.378547, 0.00562115, 0.81842
7, 69107, 84918, 127377000, 10.1903, 15451, 23176500, 3.992, 0.388835, 0.00567473, 0.817273
11, 69102, 84918, 127377000, 10.1903, 15453, 23179500, 3.99194, 0.383762, 0.00583729, 0.817243
15, 69083, 84918, 127377000, 10.1903, 15479, 23218500, 3.99778, 0.37242, 0.00572438, 0.816951
19, 69197, 84918, 127377000, 10.1903, 15379, 23068500, 3.98107, 0.379499, 0.00576634, 0.818164
23, 69057, 84918, 127377000, 10.1903, 15473, 23209500, 3.99702, 0.387025, 0.00580388, 0.816953
27, 69066, 84918, 127377000, 10.1903, 15463, 23194500, 3.99505, 0.387639, 0.00576925, 0.817069
31, 69111, 84918, 127377000, 10.1903, 15418, 23127000, 3.98325, 0.390478, 0.00576253, 0.817601
35, 69076, 84918, 127377000, 10.1903, 15453, 23179500, 3.99173, 0.394793, 0.00581441, 0.817187
39, 69054, 84918, 127377000, 10.1903, 15475, 23212500, 3.99667, 0.383402, 0.00580935, 0.816927
43, 69066, 84918, 127377000, 10.1903, 15508, 23262000, 4.00659, 0.376411, 0.0058126, 0.816634
47, 69174, 84918, 127377000, 10.1903, 15402, 23103000, 3.98709, 0.378493, 0.00576484, 0.817892
51, 69153, 84918, 127377000, 10.1903, 15421, 23131500, 3.98326, 0.381337, 0.00580645, 0.817663
55, 69201, 84918, 127377000, 10.1903, 15360, 23040000, 3.98617, 0.442278, 0.0044726, 0.818356
59, 69072, 84918, 127377000, 10.1903, 15445, 23167500, 3.98959, 0.382655, 0.00570846, 0.817256
63, 76837, 84918, 127377000, 10.1903, 7900, 11850000, 2.04087, 0.501617, 0.0111268, 0.90677
67, 69121, 84918, 127377000, 10.1903, 15438, 23157000, 3.98833, 0.380173, 0.00573532, 0.817429
71, 69032, 84918, 127377000, 10.1903, 15481, 23221500, 3.99986, 0.370682, 0.00576578, 0.816821
75, 69065, 84918, 127377000, 10.1903, 15494, 23241000, 4.0026, 0.368664, 0.00577342, 0.816767
79, 77246, 84918, 127377000, 10.1903, 7491, 11236500, 1.93524, 0.517799, 0.0113607, 0.911597
83, 69048, 84918, 127377000, 10.1903, 15512, 23268000, 4.00601, 0.366658, 0.005745, 0.816556
87, 69139, 84918, 127377000, 10.1903, 15435, 23152500, 3.98605, 0.383695, 0.00580236, 0.817497
91, 69108, 84918, 127377000, 10.1903, 15464, 23196000, 3.99417, 0.384579, 0.00582202, 0.81715
95, 69193, 84918, 127377000, 10.1903, 15379, 23068500, 3.97151, 0.39033, 0.00575139, 0.818155
99, 69126, 84918, 127377000, 10.1903, 15393, 23089500, 3.98499, 0.394198, 0.00550972, 0.817875
103, 69154, 84918, 127377000, 10.1903, 15393, 23089500, 3.97576, 0.38108, 0.0057012, 0.817936
107, 69246, 84918, 127377000, 10.1903, 15317, 22975500, 3.96516, 0.388648, 0.00571942, 0.818869
111, 75577, 84918, 127377000, 10.1903, 0, 0, 0, 0, 0, 0
115, 69162, 84918, 127377000, 10.1903, 15400, 23100000, 3.98671, 0.384949, 0.00573505, 0.817885
119, 69164, 84918, 127377000, 10.1903, 15398, 23097000, 3.97697, 0.383722, 0.0057429, 0.817909
