Flow_ID, Lost_Packets, Tx_Packets, Tx_Bytes, TxOffered(Mbps),  Rx_Packets, Rx_Bytes, T_put(Mbps), Mean_Delay_Rx_Packets, Mean_Jitter, Packet_Loss_Ratio
3, 83561, 84918, 127377000, 10.1903, 71, 106500, 1.29015, 0.197452, 0.0068092, 0.999151
7, 83452, 84918, 127377000, 10.1903, 181, 271500, 2.62701, 0.283262, 0.00534339, 0.997836
11, 83656, 84918, 127377000, 10.1903, 0, 0, 0, 0, 0, 0
15, 83428, 84918, 127377000, 10.1903, 203, 304500, 2.94905, 0.35312, 0.00508431, 0.997573
19, 83457, 84918, 127377000, 10.1903, 176, 264000, 2.54575, 0.350843, 0.00539081, 0.997896
23, 76426, 84918, 127377000, 10.1903, 0, 0, 0, 0, 0, 0
27, 83562, 84918, 127377000, 10.1903, 126, 189000, 1.82591, 0.522006, 0.00289547, 0.998494
31, 83613, 84918, 127377000, 10.1903, 18, 27000, 0.312983, 0.519954, 0.00882882, 0.999785
35, 83510, 84918, 127377000, 10.1903, 114, 171000, 1.65048, 0.529205, 0.00295133, 0.998637
