Flow_ID, Lost_Packets, Tx_Packets, Tx_Bytes, TxOffered(Mbps),  Rx_Packets, Rx_Bytes, T_put(Mbps), Mean_Delay_Rx_Packets, Mean_Jitter, Packet_Loss_Ratio
2, 83626, 84918, 127377000, 10.1903, 0, 0, 0, 0, 0, 0
6, 83621, 84918, 127377000, 10.1903, 5, 7500, 0.619016, 0.0268751, 0.021934, 0.99994
10, 83656, 84918, 127377000, 10.1903, 0, 0, 0, 0, 0, 0
14, 83689, 84918, 127377000, 10.1903, 0, 0, 0, 0, 0, 0
18, 83626, 84918, 127377000, 10.1903, 0, 0, 0, 0, 0, 0
22, 76426, 84918, 127377000, 10.1903, 0, 0, 0, 0, 0, 0
26, 83626, 84918, 127377000, 10.1903, 0, 0, 0, 0, 0, 0
30, 83688, 84918, 127377000, 10.1903, 0, 0, 0, 0, 0, 0
34, 83626, 84918, 127377000, 10.1903, 0, 0, 0, 0, 0, 0
