Flow_ID, Lost_Packets, Tx_Packets, Tx_Bytes, TxOffered(Mbps),  Rx_Packets, Rx_Bytes, T_put(Mbps), Mean_Delay_Rx_Packets, Mean_Jitter, Packet_Loss_Ratio
3, 1545, 84918, 127377000, 10.1903, 83166, 124749000, 9.98042, 0.00293075, 0.00179627, 0.0182385
7, 3300, 84918, 127377000, 10.1903, 81377, 122065500, 9.7656, 0.00303745, 0.0018584, 0.0389716
11, 1915, 84918, 127377000, 10.1903, 82773, 124159500, 9.93318, 0.00307816, 0.0018492, 0.0226124
15, 75577, 84918, 127377000, 10.1903, 0, 0, 0, 0, 0, 0
19, 1909, 84918, 127377000, 10.1903, 82785, 124177500, 9.93451, 0.00314559, 0.00186344, 0.02254
23, 75577, 84918, 127377000, 10.1903, 0, 0, 0, 0, 0, 0
27, 1758, 84918, 127377000, 10.1903, 82961, 124441500, 9.95546, 0.00320913, 0.00186468, 0.020751
31, 1774, 84918, 127377000, 10.1903, 82922, 124383000, 9.95134, 0.0032749, 0.00188503, 0.0209455
35, 1695, 84918, 127377000, 10.1903, 83005, 124507500, 9.9612, 0.00333503, 0.00189458, 0.0200118
