Flow_ID, Lost_Packets, Tx_Packets, Tx_Bytes, TxOffered(Mbps),  Rx_Packets, Rx_Bytes, T_put(Mbps), Mean_Delay_Rx_Packets, Mean_Jitter, Packet_Loss_Ratio
3, 82619, 84918, 127377000, 10.1903, 1181, 1771500, 6.32906, 0.528869, 0.00311735, 0.985907
7, 82597, 84918, 127377000, 10.1903, 1202, 1803000, 6.43864, 0.526077, 0.00307455, 0.985656
11, 82707, 84918, 127377000, 10.1903, 1092, 1638000, 6.05353, 0.548137, 0.00306174, 0.986969
15, 82534, 84918, 127377000, 10.1903, 1203, 1804500, 6.4381, 0.525601, 0.0030758, 0.985634
19, 82608, 84918, 127377000, 10.1903, 1192, 1788000, 6.37697, 0.526243, 0.00309015, 0.985776
23, 82548, 84918, 127377000, 10.1903, 1188, 1782000, 6.37315, 0.528053, 0.00310337, 0.985813
27, 82594, 84918, 127377000, 10.1903, 1206, 1809000, 6.46643, 0.526141, 0.0030631, 0.985609
31, 82606, 84918, 127377000, 10.1903, 1194, 1791000, 6.38533, 0.532511, 0.00309712, 0.985752
35, 82603, 84918, 127377000, 10.1903, 1195, 1792500, 6.39773, 0.525778, 0.00309142, 0.98574
