Flow_ID, Lost_Packets, Tx_Packets, Tx_Bytes, TxOffered(Mbps),  Rx_Packets, Rx_Bytes, T_put(Mbps), Mean_Delay_Rx_Packets, Mean_Jitter, Packet_Loss_Ratio
3, 7, 84918, 127377000, 10.1903, 84911, 127366500, 10.1895, 0.00303833, 0.00147025, 8.24325e-05
7, 3, 84918, 127377000, 10.1903, 84915, 127372500, 10.1899, 0.0031839, 0.00148505, 3.53282e-05
11, 20, 84918, 127377000, 10.1903, 84895, 127342500, 10.1879, 0.00332949, 0.00150364, 0.00023553
15, 12, 84918, 127377000, 10.1903, 84905, 127357500, 10.1888, 0.00354233, 0.00151921, 0.000141314
19, 8, 84918, 127377000, 10.1903, 84909, 127363500, 10.1893, 0.00374321, 0.00156333, 9.42096e-05
23, 75577, 84918, 127377000, 10.1903, 0, 0, 0, 0, 0, 0
27, 17, 84918, 127377000, 10.1903, 84900, 127350000, 10.1882, 0.00391823, 0.00160337, 0.000200195
31, 98, 84918, 127377000, 10.1903, 84819, 127228500, 10.1785, 0.00410749, 0.00165682, 0.00115407
35, 13, 84918, 127377000, 10.1903, 84905, 127357500, 10.1888, 0.00431368, 0.00171866, 0.000153089
