Flow_ID, Lost_Packets, Tx_Packets, Tx_Bytes, TxOffered(Mbps),  Rx_Packets, Rx_Bytes, T_put(Mbps), Mean_Delay_Rx_Packets, Mean_Jitter, Packet_Loss_Ratio
3, 60, 84918, 127377000, 10.1903, 84856, 127284000, 10.1828, 0.00428991, 0.00163036, 0.000706581
7, 76426, 84918, 127377000, 10.1903, 0, 0, 0, 0, 0, 0
11, 5, 84918, 127377000, 10.1903, 84913, 127369500, 10.1897, 0.00441927, 0.00166102, 5.88803e-05
15, 36, 84918, 127377000, 10.1903, 84882, 127323000, 10.1859, 0.00460721, 0.00169678, 0.000423938
19, 76426, 84918, 127377000, 10.1903, 0, 0, 0, 0, 0, 0
23, 76426, 84918, 127377000, 10.1903, 0, 0, 0, 0, 0, 0
27, 0, 84918, 127377000, 10.1903, 84918, 127377000, 10.1902, 0.00480846, 0.00173521, 0
31, 12, 84918, 127377000, 10.1903, 84906, 127359000, 10.1888, 0.00499594, 0.00176459, 0.000141313
35, 25, 84918, 127377000, 10.1903, 84891, 127336500, 10.187, 0.00531265, 0.00176285, 0.000294409
