Flow_ID, Lost_Packets, Tx_Packets, Tx_Bytes, TxOffered(Mbps),  Rx_Packets, Rx_Bytes, T_put(Mbps), Mean_Delay_Rx_Packets, Mean_Jitter, Packet_Loss_Ratio
2, 79356, 84918, 127377000, 10.1903, 3697, 5545500, 0.443788, 1.51064, 0.0202755, 0.955486
6, 79327, 84918, 127377000, 10.1903, 3700, 5550000, 0.444145, 1.50712, 0.0201448, 0.955436
10, 79687, 84918, 127377000, 10.1903, 3283, 4924500, 0.394097, 1.49912, 0.0210031, 0.960431
14, 79269, 84918, 127377000, 10.1903, 3740, 5610000, 0.448938, 1.49789, 0.019995, 0.954945
18, 79677, 84918, 127377000, 10.1903, 3222, 4833000, 0.386785, 1.48398, 0.0221705, 0.961133
22, 79640, 84918, 127377000, 10.1903, 3434, 5151000, 0.412202, 1.47245, 0.0198334, 0.958663
26, 79396, 84918, 127377000, 10.1903, 3628, 5442000, 0.435498, 1.49499, 0.0201471, 0.956302
30, 80805, 84918, 127377000, 10.1903, 2062, 3093000, 0.247511, 1.48595, 0.0280458, 0.975117
34, 79015, 84918, 127377000, 10.1903, 3917, 5875500, 0.470206, 1.49774, 0.0200204, 0.952769
