Flow_ID, Lost_Packets, Tx_Packets, Tx_Bytes, TxOffered(Mbps),  Rx_Packets, Rx_Bytes, T_put(Mbps), Mean_Delay_Rx_Packets, Mean_Jitter, Packet_Loss_Ratio
3, 1783, 84918, 127377000, 10.1903, 83134, 124701000, 9.97535, 0.00426127, 0.00167768, 0.020997
7, 0, 84918, 127377000, 10.1903, 84918, 127377000, 10.1894, 0.00439479, 0.00166873, 0
11, 2, 84918, 127377000, 10.1903, 84916, 127374000, 10.1891, 0.00458152, 0.00169074, 2.35521e-05
15, 11, 84918, 127377000, 10.1903, 84907, 127360500, 10.1881, 0.00474809, 0.00171089, 0.000129537
19, 20, 84918, 127377000, 10.1903, 84897, 127345500, 10.1869, 0.00468739, 0.00169067, 0.000235524
23, 12, 84918, 127377000, 10.1903, 84906, 127359000, 10.188, 0.00510928, 0.00176552, 0.000141313
27, 39, 84918, 127377000, 10.1903, 84879, 127318500, 10.1847, 0.00524658, 0.00179018, 0.000459267
31, 158, 84918, 127377000, 10.1903, 84760, 127140000, 10.1704, 0.00542739, 0.00182464, 0.00186062
35, 169, 84918, 127377000, 10.1903, 84749, 127123500, 10.1691, 0.00563605, 0.00185713, 0.00199016
