Flow_ID, Lost_Packets, Tx_Packets, Tx_Bytes, TxOffered(Mbps),  Rx_Packets, Rx_Bytes, T_put(Mbps), Mean_Delay_Rx_Packets, Mean_Jitter, Packet_Loss_Ratio
2, 81902, 84918, 127377000, 10.1903, 635, 952500, 0.076406, 1.42106, 0.0635984, 0.992306
6, 82069, 84918, 127377000, 10.1903, 693, 1039500, 0.0834057, 1.38969, 0.0593316, 0.991627
10, 82851, 84918, 127377000, 10.1903, 720, 1080000, 0.0867176, 1.35874, 0.0578372, 0.991385
14, 81968, 84918, 127377000, 10.1903, 691, 1036500, 0.0831133, 1.38271, 0.0590792, 0.99164
18, 82037, 84918, 127377000, 10.1903, 715, 1072500, 0.0860508, 1.42475, 0.0574169, 0.99136
22, 82070, 84918, 127377000, 10.1903, 708, 1062000, 0.0852002, 1.40149, 0.05714, 0.991447
26, 81930, 84918, 127377000, 10.1903, 746, 1119000, 0.0897193, 1.40973, 0.0565022, 0.990977
30, 82039, 84918, 127377000, 10.1903, 758, 1137000, 0.0912535, 1.43434, 0.058531, 0.990845
34, 81941, 84918, 127377000, 10.1903, 737, 1105500, 0.088683, 1.41477, 0.0580912, 0.991086
