Flow_ID, Lost_Packets, Tx_Packets, Tx_Bytes, TxOffered(Mbps),  Rx_Packets, Rx_Bytes, T_put(Mbps), Mean_Delay_Rx_Packets, Mean_Jitter, Packet_Loss_Ratio
1, 83481, 84918, 127377000, 10.1903, 168, 252000, 2.43012, 0.475158, 0.00411711, 0.997992
5, 83451, 84918, 127377000, 10.1903, 199, 298500, 2.86791, 0.400773, 0.00533717, 0.997621
9, 83429, 84918, 127377000, 10.1903, 159, 238500, 2.30744, 0.430969, 0.00614381, 0.998098
13, 83494, 84918, 127377000, 10.1903, 155, 232500, 2.28852, 0.404616, 0.0062206, 0.998147
17, 83477, 84918, 127377000, 10.1903, 168, 252000, 2.43568, 0.475261, 0.00392865, 0.997992
21, 83483, 84918, 127377000, 10.1903, 168, 252000, 2.42637, 0.476434, 0.0040964, 0.997992
25, 83584, 84918, 127377000, 10.1903, 64, 96000, 2.08452, 0.316267, 0.0014206, 0.999235
29, 83480, 84918, 127377000, 10.1903, 168, 252000, 2.42392, 0.476269, 0.00411863, 0.997992
33, 75577, 84918, 127377000, 10.1903, 0, 0, 0, 0, 0, 0
