Flow_ID, Lost_Packets, Tx_Packets, Tx_Bytes, TxOffered(Mbps),  Rx_Packets, Rx_Bytes, T_put(Mbps), Mean_Delay_Rx_Packets, Mean_Jitter, Packet_Loss_Ratio
3, 77218, 84918, 127377000, 10.1903, 6457, 9685500, 2.69489, 1.4143, 0.0082666, 0.922832
7, 77162, 84918, 127377000, 10.1903, 6463, 9694500, 2.71177, 1.35072, 0.0079663, 0.922714
11, 75577, 84918, 127377000, 10.1903, 0, 0, 0, 0, 0, 0
15, 77168, 84918, 127377000, 10.1903, 6446, 9669000, 2.69021, 1.40617, 0.00822262, 0.922908
19, 77291, 84918, 127377000, 10.1903, 6384, 9576000, 2.66426, 1.43843, 0.00822825, 0.923705
23, 77198, 84918, 127377000, 10.1903, 6418, 9627000, 2.6782, 1.36407, 0.00828835, 0.923244
27, 77140, 84918, 127377000, 10.1903, 6497, 9745500, 2.71124, 1.43933, 0.00814318, 0.922319
31, 83443, 84918, 127377000, 10.1903, 171, 256500, 0.0718235, 1.67044, 0.0434205, 0.997955
35, 77269, 84918, 127377000, 10.1903, 6389, 9583500, 2.66625, 1.39629, 0.00828853, 0.92363
