Flow_ID, Lost_Packets, Tx_Packets, Tx_Bytes, TxOffered(Mbps),  Rx_Packets, Rx_Bytes, T_put(Mbps), Mean_Delay_Rx_Packets, Mean_Jitter, Packet_Loss_Ratio
1, 51685, 84918, 127377000, 10.1903, 32753, 49129500, 3.9314, 0.474241, 0.00592701, 0.612106
5, 51600, 84918, 127377000, 10.1903, 32785, 49177500, 3.93708, 0.474625, 0.00587516, 0.611483
9, 51591, 84918, 127377000, 10.1903, 32795, 49192500, 3.93706, 0.471888, 0.00588255, 0.611369
13, 52139, 84918, 127377000, 10.1903, 32702, 49053000, 3.92765, 0.495223, 0.00576927, 0.61455
17, 51785, 84918, 127377000, 10.1903, 32797, 49195500, 3.93785, 0.47321, 0.0057029, 0.612246
21, 51998, 84918, 127377000, 10.1903, 32780, 49170000, 3.9349, 0.482784, 0.00586145, 0.613343
25, 51610, 84918, 127377000, 10.1903, 32793, 49189500, 3.93668, 0.468941, 0.00587843, 0.611471
29, 51639, 84918, 127377000, 10.1903, 32751, 49126500, 3.93097, 0.473864, 0.00591486, 0.611909
33, 51632, 84918, 127377000, 10.1903, 32791, 49186500, 3.9355, 0.462936, 0.00591343, 0.611587
37, 51651, 84918, 127377000, 10.1903, 32733, 49099500, 3.93243, 0.474237, 0.00495255, 0.612095
41, 51636, 84918, 127377000, 10.1903, 32726, 49089000, 3.93243, 0.475538, 0.00586506, 0.612077
45, 51637, 84918, 127377000, 10.1903, 32786, 49179000, 3.93442, 0.46828, 0.005803, 0.611646
49, 75577, 84918, 127377000, 10.1903, 0, 0, 0, 0, 0, 0
53, 51670, 84918, 127377000, 10.1903, 32748, 49122000, 3.93093, 0.470245, 0.0059209, 0.612073
57, 51632, 84918, 127377000, 10.1903, 32756, 49134000, 3.93258, 0.466317, 0.00553258, 0.611841
61, 51659, 84918, 127377000, 10.1903, 32795, 49192500, 3.93578, 0.464012, 0.00592408, 0.611682
65, 51639, 84918, 127377000, 10.1903, 32797, 49195500, 3.9359, 0.469449, 0.00577984, 0.611576
69, 51652, 84918, 127377000, 10.1903, 32748, 49122000, 3.93284, 0.475234, 0.00575631, 0.611991
73, 51679, 84918, 127377000, 10.1903, 32740, 49110000, 3.93284, 0.471897, 0.00586131, 0.612173
77, 52017, 84918, 127377000, 10.1903, 32453, 48679500, 3.89478, 0.611582, 0.00594157, 0.615804
81, 51697, 84918, 127377000, 10.1903, 32735, 49102500, 3.93116, 0.477371, 0.00588657, 0.612292
85, 51663, 84918, 127377000, 10.1903, 32766, 49149000, 3.93303, 0.469558, 0.00590613, 0.611911
89, 75577, 84918, 127377000, 10.1903, 0, 0, 0, 0, 0, 0
93, 51906, 84918, 127377000, 10.1903, 32773, 49159500, 3.93343, 0.472794, 0.00590826, 0.612974
97, 51868, 84918, 127377000, 10.1903, 32799, 49198500, 3.93733, 0.476587, 0.00591578, 0.612612
101, 51691, 84918, 127377000, 10.1903, 32754, 49131000, 3.93121, 0.46561, 0.00592882, 0.612126
