Flow_ID, Lost_Packets, Tx_Packets, Tx_Bytes, TxOffered(Mbps),  Rx_Packets, Rx_Bytes, T_put(Mbps), Mean_Delay_Rx_Packets, Mean_Jitter, Packet_Loss_Ratio
2, 81974, 84918, 127377000, 10.1903, 751, 1126500, 0.0902159, 1.46115, 0.0518119, 0.990922
6, 82026, 84918, 127377000, 10.1903, 768, 1152000, 0.0922546, 1.45483, 0.0493214, 0.990724
10, 81895, 84918, 127377000, 10.1903, 776, 1164000, 0.093146, 1.45994, 0.0511059, 0.990613
14, 81967, 84918, 127377000, 10.1903, 792, 1188000, 0.0951153, 1.46922, 0.050803, 0.99043
18, 82008, 84918, 127377000, 10.1903, 800, 1200000, 0.0960229, 1.49203, 0.0489857, 0.990339
22, 81982, 84918, 127377000, 10.1903, 803, 1204500, 0.0964507, 1.4464, 0.0502299, 0.9903
26, 81980, 84918, 127377000, 10.1903, 772, 1158000, 0.0926888, 1.43835, 0.0517657, 0.990671
30, 82012, 84918, 127377000, 10.1903, 786, 1179000, 0.0943338, 1.43837, 0.05014, 0.990507
34, 82138, 84918, 127377000, 10.1903, 773, 1159500, 0.092778, 1.43519, 0.0497181, 0.990677
