Flow_ID, Lost_Packets, Tx_Packets, Tx_Bytes, TxOffered(Mbps),  Rx_Packets, Rx_Bytes, T_put(Mbps), Mean_Delay_Rx_Packets, Mean_Jitter, Packet_Loss_Ratio
4, 68344, 84918, 127377000, 10.1903, 15407, 23110500, 1.84921, 1.42414, 0.0066345, 0.816038
8, 68321, 84918, 127377000, 10.1903, 15380, 23070000, 1.84598, 1.4335, 0.00699307, 0.816251
12, 68344, 84918, 127377000, 10.1903, 15388, 23082000, 1.84693, 1.43388, 0.00721011, 0.816223
16, 68323, 84918, 127377000, 10.1903, 15414, 23121000, 1.85004, 1.42311, 0.00666353, 0.815924
20, 68306, 84918, 127377000, 10.1903, 15406, 23109000, 1.84907, 1.42916, 0.00664587, 0.815964
24, 68355, 84918, 127377000, 10.1903, 15406, 23109000, 1.84907, 1.42457, 0.00664741, 0.816072
28, 69870, 84918, 127377000, 10.1903, 13690, 20535000, 1.64307, 1.43445, 0.00727728, 0.836166
32, 68397, 84918, 127377000, 10.1903, 15325, 22987500, 1.83939, 1.43571, 0.0067814, 0.816954
36, 68403, 84918, 127377000, 10.1903, 15332, 22998000, 1.84022, 1.44123, 0.00694327, 0.816899
