Flow_ID, Lost_Packets, Tx_Packets, Tx_Bytes, TxOffered(Mbps),  Rx_Packets, Rx_Bytes, T_put(Mbps), Mean_Delay_Rx_Packets, Mean_Jitter, Packet_Loss_Ratio
3, 75577, 84918, 127377000, 10.1903, 0, 0, 0, 0, 0, 0
7, 1942, 84918, 127377000, 10.1903, 82729, 124093500, 9.92855, 0.00507446, 0.00203305, 0.0229358
11, 1633, 84918, 127377000, 10.1903, 83067, 124600500, 9.96906, 0.00515978, 0.00203926, 0.0192798
15, 1505, 84918, 127377000, 10.1903, 83224, 124836000, 9.98777, 0.00524459, 0.00204549, 0.0177625
19, 1537, 84918, 127377000, 10.1903, 83227, 124840500, 9.98739, 0.00534005, 0.00205581, 0.0181327
23, 1477, 84918, 127377000, 10.1903, 83277, 124915500, 9.99435, 0.00540687, 0.00205849, 0.0174269
27, 625, 84918, 127377000, 10.1903, 84234, 126351000, 10.1083, 0.00513912, 0.00190625, 0.00736516
31, 1513, 84918, 127377000, 10.1903, 83219, 124828500, 9.98695, 0.00550102, 0.00206411, 0.0178563
35, 1466, 84918, 127377000, 10.1903, 83303, 124954500, 9.99699, 0.0055895, 0.00207427, 0.0172941
