Flow_ID, Lost_Packets, Tx_Packets, Tx_Bytes, TxOffered(Mbps),  Rx_Packets, Rx_Bytes, T_put(Mbps), Mean_Delay_Rx_Packets, Mean_Jitter, Packet_Loss_Ratio
2, 81526, 84918, 127377000, 10.1903, 1257, 1885500, 0.150881, 1.45493, 0.035762, 0.984816
6, 81580, 84918, 127377000, 10.1903, 1211, 1816500, 0.14539, 1.48295, 0.0374212, 0.985373
10, 81501, 84918, 127377000, 10.1903, 1265, 1897500, 0.151811, 1.46526, 0.0371323, 0.984716
14, 81554, 84918, 127377000, 10.1903, 1241, 1861500, 0.148989, 1.45644, 0.0356196, 0.985011
18, 81469, 84918, 127377000, 10.1903, 1275, 1912500, 0.153007, 1.43609, 0.0358361, 0.984591
22, 81578, 84918, 127377000, 10.1903, 1244, 1866000, 0.149284, 1.43864, 0.0349465, 0.98498
26, 81560, 84918, 127377000, 10.1903, 1172, 1758000, 0.140666, 1.45615, 0.0374893, 0.985834
30, 81510, 84918, 127377000, 10.1903, 1207, 1810500, 0.144888, 1.46398, 0.035519, 0.985408
34, 81484, 84918, 127377000, 10.1903, 1214, 1821000, 0.145738, 1.46879, 0.0363639, 0.98532
