Flow_ID, Lost_Packets, Tx_Packets, Tx_Bytes, TxOffered(Mbps),  Rx_Packets, Rx_Bytes, T_put(Mbps), Mean_Delay_Rx_Packets, Mean_Jitter, Packet_Loss_Ratio
1, 80102, 84918, 127377000, 10.1903, 4634, 6951000, 0.554225, 1.25986, 0.0127943, 0.945312
5, 81869, 84918, 127377000, 10.1903, 2963, 4444500, 0.354413, 1.18225, 0.019076, 0.965072
9, 82492, 84918, 127377000, 10.1903, 2297, 3445500, 0.274704, 1.27076, 0.015865, 0.972909
13, 81484, 84918, 127377000, 10.1903, 3334, 5001000, 0.398744, 1.203, 0.0126953, 0.960692
17, 76426, 84918, 127377000, 10.1903, 0, 0, 0, 0, 0, 0
21, 82309, 84918, 127377000, 10.1903, 2426, 3639000, 0.290204, 0.913978, 0.017466, 0.97137
25, 82089, 84918, 127377000, 10.1903, 2701, 4051500, 0.32306, 1.32344, 0.018994, 0.968145
29, 82128, 84918, 127377000, 10.1903, 2525, 3787500, 0.301973, 0.959666, 0.015079, 0.970172
33, 80519, 84918, 127377000, 10.1903, 4238, 6357000, 0.506837, 1.60094, 0.0165547, 0.949998
