Flow_ID, Lost_Packets, Tx_Packets, Tx_Bytes, TxOffered(Mbps),  Rx_Packets, Rx_Bytes, T_put(Mbps), Mean_Delay_Rx_Packets, Mean_Jitter, Packet_Loss_Ratio
4, 58522, 84918, 127377000, 10.1903, 25428, 38142000, 3.05143, 1.18374, 0.00417674, 0.697105
8, 58452, 84918, 127377000, 10.1903, 25412, 38118000, 3.04948, 1.18482, 0.00409131, 0.696986
12, 58458, 84918, 127377000, 10.1903, 25412, 38118000, 3.04948, 1.19161, 0.00407682, 0.697007
16, 58379, 84918, 127377000, 10.1903, 25452, 38178000, 3.05432, 1.18499, 0.00405159, 0.696389
20, 58200, 84918, 127377000, 10.1903, 25403, 38104500, 3.04843, 1.16903, 0.00409638, 0.696147
24, 58243, 84918, 127377000, 10.1903, 25410, 38115000, 3.04926, 1.17967, 0.00423066, 0.696245
28, 58265, 84918, 127377000, 10.1903, 25427, 38140500, 3.05129, 1.1755, 0.00423741, 0.696184
32, 58510, 84918, 127377000, 10.1903, 25358, 38037000, 3.04303, 1.19164, 0.00417371, 0.697644
36, 58469, 84918, 127377000, 10.1903, 25391, 38086500, 3.04697, 1.18581, 0.00409651, 0.697222
