Flow_ID, Lost_Packets, Tx_Packets, Tx_Bytes, TxOffered(Mbps),  Rx_Packets, Rx_Bytes, T_put(Mbps), Mean_Delay_Rx_Packets, Mean_Jitter, Packet_Loss_Ratio
4, 80883, 84918, 127377000, 10.1903, 1978, 2967000, 0.237533, 1.40688, 0.0333791, 0.976129
8, 80902, 84918, 127377000, 10.1903, 1963, 2944500, 0.23573, 1.41666, 0.0343584, 0.976311
12, 80914, 84918, 127377000, 10.1903, 1892, 2838000, 0.227207, 1.42136, 0.0350423, 0.977151
16, 80521, 84918, 127377000, 10.1903, 2380, 3570000, 0.285807, 1.41098, 0.0337278, 0.971291
20, 82629, 84918, 127377000, 10.1903, 4, 6000, 0.000634516, 1.7749, 0.350169, 0.999952
24, 80450, 84918, 127377000, 10.1903, 2387, 3580500, 0.286647, 1.4281, 0.0330428, 0.971184
28, 80509, 84918, 127377000, 10.1903, 2253, 3379500, 0.27056, 1.40621, 0.03254, 0.972777
32, 80581, 84918, 127377000, 10.1903, 2316, 3474000, 0.278117, 1.43877, 0.03194, 0.972062
36, 81098, 84918, 127377000, 10.1903, 1813, 2719500, 0.217715, 1.39697, 0.0332196, 0.978133
