Flow_ID, Lost_Packets, Tx_Packets, Tx_Bytes, TxOffered(Mbps),  Rx_Packets, Rx_Bytes, T_put(Mbps), Mean_Delay_Rx_Packets, Mean_Jitter, Packet_Loss_Ratio
3, 81424, 84918, 127377000, 10.1903, 2356, 3534000, 0.500536, 1.09828, 0.0155297, 0.971879
7, 81501, 84918, 127377000, 10.1903, 2279, 3418500, 0.484191, 1.15935, 0.0165344, 0.972798
11, 81423, 84918, 127377000, 10.1903, 2367, 3550500, 0.50288, 1.1049, 0.015614, 0.971751
15, 81434, 84918, 127377000, 10.1903, 2350, 3525000, 0.503358, 1.31879, 0.0132163, 0.971952
19, 80306, 84918, 127377000, 10.1903, 3487, 5230500, 0.740885, 1.01667, 0.0124851, 0.958386
23, 81452, 84918, 127377000, 10.1903, 2341, 3511500, 0.497387, 1.14882, 0.0167787, 0.972062
27, 81395, 84918, 127377000, 10.1903, 2356, 3534000, 0.500567, 1.16932, 0.0163961, 0.971869
31, 81425, 84918, 127377000, 10.1903, 2375, 3562500, 0.504567, 1.07661, 0.0153619, 0.971659
35, 80975, 84918, 127377000, 10.1903, 2820, 4230000, 0.599086, 1.09896, 0.0147773, 0.966346
