Flow_ID, Lost_Packets, Tx_Packets, Tx_Bytes, TxOffered(Mbps),  Rx_Packets, Rx_Bytes, T_put(Mbps), Mean_Delay_Rx_Packets, Mean_Jitter, Packet_Loss_Ratio
3, 83472, 84918, 127377000, 10.1903, 0, 0, 0, 0, 0, 0
7, 75577, 84918, 127377000, 10.1903, 0, 0, 0, 0, 0, 0
11, 83383, 84918, 127377000, 10.1903, 89, 133500, 1.60597, 0.432406, 0.00814276, 0.998934
15, 83387, 84918, 127377000, 10.1903, 84, 126000, 1.51367, 0.460549, 0.00375854, 0.998994
19, 75577, 84918, 127377000, 10.1903, 0, 0, 0, 0, 0, 0
23, 83387, 84918, 127377000, 10.1903, 84, 126000, 1.50827, 0.460029, 0.00375583, 0.998994
27, 83261, 84918, 127377000, 10.1903, 150, 225000, 2.71028, 0.47253, 0.00206243, 0.998202
31, 83429, 84918, 127377000, 10.1903, 42, 63000, 0.752774, 0.539174, 0.00120632, 0.999497
35, 83381, 84918, 127377000, 10.1903, 90, 135000, 1.61075, 0.429795, 0.00800936, 0.998922
