Flow_ID, Lost_Packets, Tx_Packets, Tx_Bytes, TxOffered(Mbps),  Rx_Packets, Rx_Bytes, T_put(Mbps), Mean_Delay_Rx_Packets, Mean_Jitter, Packet_Loss_Ratio
3, 984, 84918, 127377000, 10.1903, 83801, 125701500, 10.0564, 0.00677323, 0.00208277, 0.0116058
7, 408, 84918, 127377000, 10.1903, 84456, 126684000, 10.1357, 0.00643201, 0.00195116, 0.00480769
11, 2012, 84918, 127377000, 10.1903, 82656, 123984000, 9.91943, 0.00692825, 0.00209784, 0.0237634
15, 977, 84918, 127377000, 10.1903, 83818, 125727000, 10.059, 0.00702538, 0.00210248, 0.0115219
19, 428, 84918, 127377000, 10.1903, 84418, 126627000, 10.1306, 0.00708405, 0.0020888, 0.00504443
23, 3277, 84918, 127377000, 10.1903, 81569, 122353500, 9.78919, 0.00714422, 0.0021433, 0.0386229
27, 541, 84918, 127377000, 10.1903, 84309, 126463500, 10.1174, 0.0072252, 0.00210616, 0.00637596
31, 603, 84918, 127377000, 10.1903, 84252, 126378000, 10.1104, 0.00728331, 0.00210919, 0.00710624
35, 75577, 84918, 127377000, 10.1903, 0, 0, 0, 0, 0, 0
