Flow_ID, Lost_Packets, Tx_Packets, Tx_Bytes, TxOffered(Mbps),  Rx_Packets, Rx_Bytes, T_put(Mbps), Mean_Delay_Rx_Packets, Mean_Jitter, Packet_Loss_Ratio
3, 225, 84918, 127377000, 10.1903, 84664, 126996000, 10.16, 0.00365619, 0.00191605, 0.00265052
7, 1093, 84918, 127377000, 10.1903, 83799, 125698500, 10.0564, 0.00373584, 0.00193857, 0.0128752
11, 211, 84918, 127377000, 10.1903, 84678, 127017000, 10.1618, 0.00377705, 0.00193284, 0.0024856
15, 7, 84918, 127377000, 10.1903, 84909, 127363500, 10.1893, 0.00380062, 0.00187729, 8.24344e-05
19, 207, 84918, 127377000, 10.1903, 84686, 127029000, 10.1629, 0.00393454, 0.00195238, 0.00243836
23, 217, 84918, 127377000, 10.1903, 84679, 127018500, 10.1619, 0.0039754, 0.00195777, 0.00255607
27, 202, 84918, 127377000, 10.1903, 84692, 127038000, 10.1634, 0.00402477, 0.00196416, 0.00237944
31, 1880, 84918, 127377000, 10.1903, 83020, 124530000, 9.96264, 0.00412057, 0.00199664, 0.0221437
35, 24, 84918, 127377000, 10.1903, 84887, 127330500, 10.1872, 0.003928, 0.00184908, 0.000282649
