Flow_ID, Lost_Packets, Tx_Packets, Tx_Bytes, TxOffered(Mbps),  Rx_Packets, Rx_Bytes, T_put(Mbps), Mean_Delay_Rx_Packets, Mean_Jitter, Packet_Loss_Ratio
2, 81588, 84918, 127377000, 10.1903, 1152, 1728000, 0.13841, 1.46868, 0.0358368, 0.986077
6, 81609, 84918, 127377000, 10.1903, 1188, 1782000, 0.142774, 1.48189, 0.0377266, 0.985652
10, 81611, 84918, 127377000, 10.1903, 1219, 1828500, 0.146347, 1.47344, 0.0347211, 0.985283
14, 81558, 84918, 127377000, 10.1903, 1249, 1873500, 0.150025, 1.474, 0.0365981, 0.984917
18, 81670, 84918, 127377000, 10.1903, 1205, 1807500, 0.144825, 1.49024, 0.0368535, 0.98546
22, 81538, 84918, 127377000, 10.1903, 1279, 1918500, 0.153719, 1.50174, 0.0367754, 0.984556
26, 81480, 84918, 127377000, 10.1903, 1245, 1867500, 0.149431, 1.47405, 0.0363499, 0.98495
30, 81593, 84918, 127377000, 10.1903, 1259, 1888500, 0.151301, 1.48034, 0.0351309, 0.984804
34, 81634, 84918, 127377000, 10.1903, 1128, 1692000, 0.135447, 1.49447, 0.0382814, 0.986371
