Flow_ID, Lost_Packets, Tx_Packets, Tx_Bytes, TxOffered(Mbps),  Rx_Packets, Rx_Bytes, T_put(Mbps), Mean_Delay_Rx_Packets, Mean_Jitter, Packet_Loss_Ratio
1, 865, 84918, 127377000, 10.1903, 83932, 125898000, 10.0735, 0.0108653, 0.00219188, 0.0102008
5, 930, 84918, 127377000, 10.1903, 83849, 125773500, 10.0638, 0.0110267, 0.00221184, 0.0109697
9, 774, 84918, 127377000, 10.1903, 84042, 126063000, 10.0877, 0.0105999, 0.00210668, 0.00912564
13, 1290, 84918, 127377000, 10.1903, 83457, 125185500, 10.0159, 0.0111248, 0.00221365, 0.0152218
17, 1939, 84918, 127377000, 10.1903, 82837, 124255500, 9.94085, 0.0112308, 0.00222744, 0.022872
21, 894, 84918, 127377000, 10.1903, 83927, 125890500, 10.0715, 0.0112738, 0.00221573, 0.0105398
25, 739, 84918, 127377000, 10.1903, 84078, 126117000, 10.0908, 0.0113486, 0.00221662, 0.00871288
29, 713, 84918, 127377000, 10.1903, 84119, 126178500, 10.0955, 0.0113361, 0.00221683, 0.00840485
33, 644, 84918, 127377000, 10.1903, 84192, 126288000, 10.1036, 0.0109925, 0.00215542, 0.00759112
