Flow_ID, Lost_Packets, Tx_Packets, Tx_Bytes, TxOffered(Mbps),  Rx_Packets, Rx_Bytes, T_put(Mbps), Mean_Delay_Rx_Packets, Mean_Jitter, Packet_Loss_Ratio
2, 81997, 84918, 127377000, 10.1903, 790, 1185000, 0.0948267, 1.47987, 0.0446617, 0.990457
6, 81952, 84918, 127377000, 10.1903, 834, 1251000, 0.100141, 1.45705, 0.0445343, 0.989926
10, 82010, 84918, 127377000, 10.1903, 808, 1212000, 0.0969755, 1.46749, 0.0477513, 0.990244
14, 81998, 84918, 127377000, 10.1903, 820, 1230000, 0.0988076, 1.43176, 0.0466579, 0.990099
18, 82045, 84918, 127377000, 10.1903, 811, 1216500, 0.0973677, 1.47896, 0.0448166, 0.990212
22, 81957, 84918, 127377000, 10.1903, 827, 1240500, 0.0993026, 1.46552, 0.0466686, 0.99001
26, 82018, 84918, 127377000, 10.1903, 829, 1243500, 0.09952, 1.43028, 0.0465418, 0.989994
30, 81926, 84918, 127377000, 10.1903, 871, 1306500, 0.104552, 1.49341, 0.0438155, 0.98948
34, 81934, 84918, 127377000, 10.1903, 823, 1234500, 0.098815, 1.45656, 0.049431, 0.990055
