Flow_ID, Lost_Packets, Tx_Packets, Tx_Bytes, TxOffered(Mbps),  Rx_Packets, Rx_Bytes, T_put(Mbps), Mean_Delay_Rx_Packets, Mean_Jitter, Packet_Loss_Ratio
3, 195, 84918, 127377000, 10.1903, 84690, 127035000, 10.1637, 0.00464277, 0.001996, 0.00229723
7, 31, 84918, 127377000, 10.1903, 84883, 127324500, 10.1865, 0.00465701, 0.00192298, 0.000365075
11, 187, 84918, 127377000, 10.1903, 84707, 127060500, 10.165, 0.00482612, 0.00201372, 0.00220275
15, 45, 84918, 127377000, 10.1903, 84865, 127297500, 10.1848, 0.0046953, 0.00190061, 0.000529973
19, 210, 84918, 127377000, 10.1903, 84681, 127021500, 10.1624, 0.00492399, 0.00202264, 0.00247376
23, 104, 84918, 127377000, 10.1903, 84798, 127197000, 10.1764, 0.00493754, 0.00201913, 0.00122494
27, 222, 84918, 127377000, 10.1903, 84672, 127008000, 10.1608, 0.00498302, 0.00202764, 0.00261503
31, 211, 84918, 127377000, 10.1903, 84682, 127023000, 10.1624, 0.00500613, 0.00203051, 0.00248548
35, 219, 84918, 127377000, 10.1903, 84673, 127009500, 10.1617, 0.00505561, 0.00203475, 0.00257975
