Flow_ID, Lost_Packets, Tx_Packets, Tx_Bytes, TxOffered(Mbps),  Rx_Packets, Rx_Bytes, T_put(Mbps), Mean_Delay_Rx_Packets, Mean_Jitter, Packet_Loss_Ratio
4, 23043, 84918, 127377000, 10.1903, 61875, 92812500, 7.41448, 0.303729, 0.00116838, 0.271356
8, 22957, 84918, 127377000, 10.1903, 61961, 92941500, 7.4196, 0.314367, 0.00118548, 0.270343
12, 23122, 84918, 127377000, 10.1903, 61796, 92694000, 7.40966, 0.330129, 0.00120256, 0.272286
16, 23042, 84918, 127377000, 10.1903, 61876, 92814000, 7.41352, 0.29367, 0.00118155, 0.271344
20, 22971, 84918, 127377000, 10.1903, 61947, 92920500, 7.41958, 0.311415, 0.00117373, 0.270508
24, 22885, 84918, 127377000, 10.1903, 62033, 93049500, 7.4285, 0.312546, 0.00118125, 0.269495
28, 22980, 84918, 127377000, 10.1903, 61938, 92907000, 7.41775, 0.308933, 0.00119393, 0.270614
32, 23117, 84918, 127377000, 10.1903, 61801, 92701500, 7.40463, 0.30453, 0.00119037, 0.272227
36, 23043, 84918, 127377000, 10.1903, 61875, 92812500, 7.4142, 0.302904, 0.00118299, 0.271356
