Flow_ID, Lost_Packets, Tx_Packets, Tx_Bytes, TxOffered(Mbps),  Rx_Packets, Rx_Bytes, T_put(Mbps), Mean_Delay_Rx_Packets, Mean_Jitter, Packet_Loss_Ratio
1, 1065, 84918, 127377000, 10.1903, 83734, 125601000, 10.0483, 0.010992, 0.00220614, 0.0125591
5, 1024, 84918, 127377000, 10.1903, 83768, 125652000, 10.0529, 0.0110631, 0.00220738, 0.0120766
9, 477, 84918, 127377000, 10.1903, 84356, 126534000, 10.1239, 0.0103059, 0.00207903, 0.00562281
13, 2753, 84918, 127377000, 10.1903, 81908, 122862000, 9.83074, 0.0111749, 0.00222198, 0.0325179
17, 1294, 84918, 127377000, 10.1903, 83482, 125223000, 10.0185, 0.0112615, 0.00221066, 0.0152638
21, 75577, 84918, 127377000, 10.1903, 0, 0, 0, 0, 0, 0
25, 915, 84918, 127377000, 10.1903, 83877, 125815500, 10.0657, 0.0113497, 0.0022125, 0.0107911
29, 762, 84918, 127377000, 10.1903, 84051, 126076500, 10.087, 0.0114201, 0.00221304, 0.00898447
33, 692, 84918, 127377000, 10.1903, 84143, 126214500, 10.0975, 0.0114112, 0.00221346, 0.00815701
