Flow_ID, Lost_Packets, Tx_Packets, Tx_Bytes, TxOffered(Mbps),  Rx_Packets, Rx_Bytes, T_put(Mbps), Mean_Delay_Rx_Packets, Mean_Jitter, Packet_Loss_Ratio
4, 57792, 84918, 127377000, 10.1903, 27045, 40567500, 3.21331, 1.2129, 0.00204109, 0.681212
8, 59374, 84918, 127377000, 10.1903, 25136, 37704000, 2.98652, 1.21627, 0.00217276, 0.702568
12, 57796, 84918, 127377000, 10.1903, 27028, 40542000, 3.21149, 1.21604, 0.00207264, 0.681364
16, 81413, 84918, 127377000, 10.1903, 944, 1416000, 0.112193, 1.21869, 0.0253353, 0.988538
20, 57659, 84918, 127377000, 10.1903, 27005, 40507500, 3.20858, 1.21511, 0.00228994, 0.681033
24, 57745, 84918, 127377000, 10.1903, 27001, 40501500, 3.2081, 1.22058, 0.00239827, 0.681389
28, 57625, 84918, 127377000, 10.1903, 27044, 40566000, 3.2132, 1.21712, 0.0027154, 0.680591
32, 57828, 84918, 127377000, 10.1903, 27047, 40570500, 3.21355, 1.2236, 0.00245331, 0.681331
36, 57799, 84918, 127377000, 10.1903, 27049, 40573500, 3.21378, 1.21382, 0.00207484, 0.681206
