Flow_ID, Lost_Packets, Tx_Packets, Tx_Bytes, TxOffered(Mbps),  Rx_Packets, Rx_Bytes, T_put(Mbps), Mean_Delay_Rx_Packets, Mean_Jitter, Packet_Loss_Ratio
1, 386, 84918, 127377000, 10.1903, 84482, 126723000, 10.138, 0.00433103, 0.00197808, 0.00454824
5, 1091, 84918, 127377000, 10.1903, 83794, 125691000, 10.0556, 0.00438036, 0.00198439, 0.0128527
9, 398, 84918, 127377000, 10.1903, 84471, 126706500, 10.1368, 0.00443165, 0.001989, 0.00468958
13, 357, 84918, 127377000, 10.1903, 84518, 126777000, 10.1423, 0.00448566, 0.00199392, 0.00420619
17, 280, 84918, 127377000, 10.1903, 84606, 126909000, 10.1529, 0.00451406, 0.00198896, 0.00329854
21, 365, 84918, 127377000, 10.1903, 84504, 126756000, 10.141, 0.00458925, 0.00200452, 0.00430075
25, 387, 84918, 127377000, 10.1903, 84481, 126721500, 10.1381, 0.00463865, 0.00200891, 0.00456002
29, 342, 84918, 127377000, 10.1903, 84532, 126798000, 10.1443, 0.00468874, 0.00201291, 0.0040295
33, 1208, 84918, 127377000, 10.1903, 83670, 125505000, 10.0408, 0.00475367, 0.00202948, 0.0142322
