Flow_ID, Lost_Packets, Tx_Packets, Tx_Bytes, TxOffered(Mbps),  Rx_Packets, Rx_Bytes, T_put(Mbps), Mean_Delay_Rx_Packets, Mean_Jitter, Packet_Loss_Ratio
2, 320991, 339673, 509509500, 20.3805, 0, 0, 0, 0, 0, 0
6, 320991, 339673, 509509500, 20.3805, 0, 0, 0, 0, 0, 0
10, 320988, 339673, 509509500, 20.3805, 3, 4500, 0.00603102, 1.19991, 1.32681, 0.999991
14, 320990, 339673, 509509500, 20.3805, 1, 1500, 0.00175771, 2.31687, 0, 0.999997
18, 320991, 339673, 509509500, 20.3805, 0, 0, 0, 0, 0, 0
22, 320991, 339673, 509509500, 20.3805, 0, 0, 0, 0, 0, 0
26, 320991, 339673, 509509500, 20.3805, 0, 0, 0, 0, 0, 0
30, 320989, 339673, 509509500, 20.3805, 2, 3000, 0.00333021, 2.76798, 1.49476, 0.999994
34, 320991, 339673, 509509500, 20.3805, 0, 0, 0, 0, 0, 0
