Flow_ID, Lost_Packets, Tx_Packets, Tx_Bytes, TxOffered(Mbps),  Rx_Packets, Rx_Bytes, T_put(Mbps), Mean_Delay_Rx_Packets, Mean_Jitter, Packet_Loss_Ratio
1, 75577, 84918, 127377000, 10.1903, 0, 0, 0, 0, 0, 0
5, 443, 84918, 127377000, 10.1903, 84418, 126627000, 10.1305, 0.0044935, 0.00197656, 0.0052203
9, 398, 84918, 127377000, 10.1903, 84472, 126708000, 10.1372, 0.00454445, 0.00197969, 0.00468953
13, 428, 84918, 127377000, 10.1903, 84437, 126655500, 10.1329, 0.00461062, 0.00198895, 0.0050433
17, 421, 84918, 127377000, 10.1903, 84444, 126666000, 10.1335, 0.0046783, 0.00199478, 0.00496082
21, 410, 84918, 127377000, 10.1903, 84452, 126678000, 10.1354, 0.00473597, 0.0020003, 0.00483137
25, 411, 84918, 127377000, 10.1903, 84452, 126678000, 10.1353, 0.00478959, 0.00200505, 0.0048431
29, 413, 84918, 127377000, 10.1903, 84444, 126666000, 10.1346, 0.00484911, 0.00201028, 0.00486701
33, 395, 84918, 127377000, 10.1903, 84461, 126691500, 10.1364, 0.00489325, 0.00201403, 0.00465494
