Flow_ID, Lost_Packets, Tx_Packets, Tx_Bytes, TxOffered(Mbps),  Rx_Packets, Rx_Bytes, T_put(Mbps), Mean_Delay_Rx_Packets, Mean_Jitter, Packet_Loss_Ratio
3, 117188, 339673, 509509500, 20.3805, 203803, 305704500, 20.3801, 0.00503555, 0.000964038, 0.365082
7, 117189, 339673, 509509500, 20.3805, 203802, 305703000, 20.361, 0.00520072, 0.000975387, 0.365085
11, 320991, 339673, 509509500, 20.3805, 0, 0, 0, 0, 0, 0
15, 117187, 339673, 509509500, 20.3805, 203804, 305706000, 20.3789, 0.00547469, 0.000989767, 0.365079
19, 117195, 339673, 509509500, 20.3805, 203796, 305694000, 20.364, 0.00568877, 0.00100211, 0.365104
23, 320991, 339673, 509509500, 20.3805, 0, 0, 0, 0, 0, 0
27, 117214, 339673, 509509500, 20.3805, 203777, 305665500, 20.3584, 0.00568838, 0.00100913, 0.365163
31, 117272, 339673, 509509500, 20.3805, 203719, 305578500, 20.3638, 0.0058033, 0.00101776, 0.365344
35, 117296, 339673, 509509500, 20.3805, 203695, 305542500, 20.3679, 0.00588273, 0.00102439, 0.365418
